  378.00   364.00   334.00   407.00   408.00   348.00   327.00   277.00   268.00   236.00   287.00   537.00   349.00   492.00   309.00   255.00   253.00   437.00   410.00   214.00   268.00   104.00   -68.00  -293.00   989.00   357.00   337.00   386.00   260.00   535.00   432.00   239.00   -13.00  -289.00  -604.00   457.00   298.00   323.00   663.00   602.00     9.00   360.00   552.00   603.00  -113.00   840.00   628.00 -3243.00  -198.00 
  394.00   390.00   354.00   423.00   446.00   407.00   377.00   165.00   214.00   280.00   329.00   452.00   310.00   547.00   290.00   334.00   332.00   399.00   384.00   201.00   629.00   277.00  -290.00   -31.00   471.00   397.00   271.00   302.00   188.00   491.00   400.00   240.00   -72.00   -64.00  -347.00   282.00   625.00   343.00   451.00   522.00   162.00   423.00   565.00   755.00  -200.00   594.00   412.00 -3634.00   445.00 
  315.00   293.00   274.00   326.00   335.00   285.00   303.00   232.00   174.00   177.00   153.00   292.00   155.00   407.00   224.00   219.00   232.00   301.00   174.00   151.00   272.00   -46.00  -114.00  -600.00   926.00   222.00   236.00   264.00   237.00   407.00   347.00   261.00  -245.00  -746.00  -670.00   285.00    45.00   -20.00   764.00   648.00  -112.00    68.00   368.00   564.00  -245.00  1466.00  -410.00 -3759.00  -281.00 
  409.00   392.00   381.00   451.00   470.00   407.00   394.00   366.00   220.00   260.00   285.00   476.00   380.00   568.00   394.00   367.00   253.00   360.00   328.00   298.00   624.00    80.00  -465.00  -237.00   450.00   454.00   285.00   354.00   358.00   516.00   311.00   220.00   148.00   -70.00    15.00    81.00   547.00   130.00   378.00   485.00   267.00   818.00   592.00   698.00  -197.00   630.00   310.00 -3193.00  1452.00 
  344.00   339.00   349.00   381.00   392.00   344.00   355.00   213.00   198.00   189.00   265.00   384.00   326.00   494.00   354.00   282.00   313.00   349.00   429.00   269.00   458.00    10.00  -332.00  -271.00   307.00   287.00   246.00   226.00   261.00   437.00   374.00   218.00   220.00   -89.00  -114.00   188.00   252.00   227.00   634.00    67.00  -161.00   570.00   687.00   866.00  -509.00  -966.00   -56.00  1190.00 -1547.00 
  384.00   334.00   336.00   409.00   405.00   353.00   342.00   248.00   238.00   309.00   196.00   400.00   341.00   520.00   327.00   213.00   285.00   375.00   393.00   243.00   198.00   382.00   223.00   464.00   488.00   286.00   170.00   266.00   373.00   399.00   356.00   208.00   201.00  -186.00  -678.00   214.00   118.00   335.00   803.00   349.00   130.00    19.00   817.00   666.00  -235.00  -197.00   -32.00   676.00  -494.00 
  356.00   314.00   320.00   361.00   374.00   304.00   296.00   365.00   353.00   316.00   357.00   380.00   271.00   455.00   224.00   335.00   222.00   307.00   266.00   196.00   275.00   384.00   291.00   423.00   414.00   259.00   245.00   221.00   199.00   508.00   252.00   206.00   279.00   415.00   222.00   321.00   475.00   283.00   571.00   910.00  -166.00   366.00   437.00   579.00  -195.00   313.00   881.00  1069.00    52.00 
  534.00   442.00   419.00   481.00   487.00   405.00   292.00   420.00   339.00   315.00   333.00   534.00   406.00   301.00   153.00   755.00   106.00   396.00   465.00   146.00   -13.00   -11.00   291.00  -448.00   791.00   923.00   772.00   725.00   120.00   144.00   595.00   183.00   441.00    56.00   -58.00    75.00   -22.00   477.00  1121.00  1742.00  3566.00 -1358.00  -568.00  1554.00  -222.00  1369.00  1294.00   185.00 -1400.00 
  496.00   487.00   428.00   565.00   565.00   438.00   338.00   318.00   368.00   328.00   465.00   569.00   391.00   547.00   485.00   674.00   440.00   473.00   618.00   153.00   589.00   441.00   201.00    57.00   578.00  1002.00   755.00   826.00   305.00   266.00   783.00   300.00   603.00   465.00   320.00    93.00   307.00   746.00  1236.00  1184.00  3076.00  -328.00   376.00  1258.00   -91.00  1347.00  1166.00  -566.00    59.00 
  454.00   450.00   416.00   482.00   486.00   399.00   339.00   401.00   347.00   309.00   326.00   448.00   282.00   400.00   225.00   616.00   410.00   343.00   626.00   291.00   264.00     9.00   282.00  -448.00   874.00   877.00   564.00   395.00   304.00   327.00   662.00    99.00   349.00  -278.00  -429.00   229.00   134.00   390.00   688.00  1071.00  3107.00  -703.00  -286.00  1626.00  -231.00  1397.00   491.00 -1182.00 -1067.00 
  671.00   504.00   552.00   477.00   552.00   486.00   296.00   536.00   306.00   453.00   317.00   533.00   474.00   387.00   189.00   710.00   407.00   419.00   768.00   153.00   578.00     0.00    76.00  -226.00   536.00  1025.00   672.00  1007.00    25.00   587.00   709.00   166.00   680.00   193.00   500.00   -48.00   627.00   463.00  1311.00   463.00  2556.00  -865.00  -286.00  1511.00  -352.00  1546.00    90.00  -513.00  -456.00 
  550.00   410.00   506.00   396.00   438.00   452.00   340.00   425.00   299.00   365.00   314.00   464.00   418.00   389.00   129.00   674.00   217.00   417.00   423.00   188.00   359.00   -31.00   175.00  -293.00   345.00   963.00   907.00   773.00    58.00   161.00   786.00   259.00   720.00   609.00   327.00   -43.00   -21.00   786.00  1533.00   823.00  3563.00 -1664.00  -480.00  1647.00   143.00   256.00   152.00  3844.00 -2430.00 
  455.00   408.00   444.00   417.00   395.00   351.00   303.00   327.00   307.00   412.00   228.00   378.00   351.00   247.00   335.00   803.00   489.00   155.00   532.00   319.00   118.00   302.00   689.00   503.00   188.00   874.00   828.00   563.00    24.00   219.00   892.00   210.00   766.00   396.00  -210.00  -101.00  -172.00   788.00  1009.00   671.00  3030.00  -702.00   -96.00  1431.00   398.00   746.00   -16.00  3040.00  -969.00 
  304.00   375.00   315.00   502.00   549.00   250.00   358.00   226.00   142.00   417.00   560.00   497.00    16.00   405.00   312.00   191.00   381.00   569.00   307.00   222.00   268.00    81.00    25.00   -47.00   939.00   490.00   -44.00   677.00   261.00   599.00    56.00  -159.00 -1749.00  -264.00  1161.00  1221.00  -933.00  -919.00   601.00   214.00   403.00   502.00   691.00   322.00  -421.00  -496.00   431.00 -1688.00  1299.00 
  310.00   367.00   441.00   569.00   589.00   286.00   474.00   342.00   290.00   288.00   925.00   698.00    67.00   482.00   311.00   406.00   454.00   564.00   288.00   293.00   598.00   216.00  -201.00   568.00   658.00   279.00   -57.00   811.00   640.00   532.00  -100.00   209.00 -1289.00  -960.00  1210.00  1230.00  -806.00  -821.00   411.00   168.00   596.00   744.00   615.00   266.00  -288.00  -121.00  -186.00 -1937.00  1566.00 
  351.00   336.00   443.00   560.00   629.00   335.00   440.00   191.00   326.00   420.00   541.00   619.00   197.00   435.00   295.00   397.00   442.00   536.00   256.00   298.00   303.00   179.00   152.00  -229.00  1034.00   429.00   214.00   640.00   351.00   435.00   382.00   206.00 -1822.00  -746.00  1853.00  2047.00 -1466.00 -1248.00   813.00   508.00   258.00   372.00   504.00   490.00  -214.00  -388.00  -760.00 -1797.00  1690.00 
  357.00   476.00   455.00   542.00   637.00   341.00   442.00   170.00    89.00   213.00   784.00   567.00   304.00   504.00   423.00   405.00   397.00   543.00   279.00   333.00   509.00   -52.00  -353.00   303.00   531.00   433.00    99.00  1026.00   703.00   404.00  -163.00   148.00 -1248.00  -409.00  1281.00  2327.00  -669.00  -663.00   351.00   292.00   851.00   964.00   469.00   134.00  -312.00  -437.00    46.00 -1710.00  2687.00 
  311.00   306.00   336.00   444.00   486.00   268.00   336.00   144.00    -4.00   402.00   649.00   479.00    60.00   430.00   293.00   266.00   333.00   476.00   325.00   236.00   293.00   -96.00  -135.00   101.00   457.00   246.00  -187.00   533.00   392.00   425.00   133.00  -160.00  -725.00   322.00  1724.00  1126.00    43.00  -502.00   393.00  -266.00   154.00   725.00   700.00   468.00  -753.00 -1309.00   492.00  2592.00   102.00 
  251.00   385.00   398.00   459.00   546.00   232.00   446.00   502.00   291.00   166.00   806.00   780.00   349.00   432.00   327.00   226.00   318.00   539.00   237.00   280.00   443.00   262.00   141.00   823.00   729.00   392.00    76.00   814.00   586.00   540.00   103.00    13.00 -1354.00   -64.00  1778.00  1945.00   -47.00  -418.00   642.00   111.00   486.00   404.00   856.00   403.00  -526.00 -1343.00   333.00  2018.00  1528.00 
  308.00   378.00   337.00   505.00   470.00   318.00   282.00   383.00   394.00   361.00   342.00   381.00   316.00   418.00   321.00   385.00   393.00   423.00   276.00   159.00   291.00   454.00   312.00   401.00   379.00   390.00    90.00   557.00   270.00   624.00   -60.00   128.00   764.00   204.00   187.00   208.00   661.00   265.00   820.00   558.00   248.00   381.00   485.00   135.00  -368.00   628.00   537.00  1002.00  -110.00 
  575.00   479.00   263.00   306.00   517.00   414.00   333.00   352.00   263.00   347.00   322.00   465.00   109.00   421.00   329.00   600.00    54.00   394.00   563.00   207.00   134.00   118.00   318.00  -387.00   734.00   959.00   944.00   858.00  -126.00   811.00   723.00    28.00 -1113.00   372.00  1246.00   767.00  -472.00  -337.00  1374.00  1596.00  3107.00 -1548.00  -139.00  1488.00  -451.00   263.00  1217.00   978.00  -301.00 
  638.00   472.00   206.00   389.00   609.00   303.00   318.00   533.00   362.00   121.00   686.00   685.00   129.00   635.00   352.00   312.00   355.00   572.00   499.00   146.00   653.00   259.00   -47.00   354.00   655.00   815.00   455.00     1.00  -544.00   867.00   528.00   -89.00  -677.00  -384.00   846.00   460.00  -530.00  -592.00  1395.00   953.00  2361.00 -1167.00   502.00  1168.00  -509.00   855.00   529.00   242.00   370.00 
  628.00   509.00   273.00   571.00   674.00   552.00   477.00   382.00   408.00   334.00   493.00   702.00   341.00   519.00   336.00   592.00   406.00   475.00   740.00   420.00   343.00   197.00   388.00  -325.00   904.00   811.00   375.00   909.00   140.00   311.00   525.00    -1.00 -1487.00  -465.00  1622.00  1322.00 -1484.00  -772.00   822.00   708.00  3044.00  -566.00  -195.00  1377.00  -332.00  -302.00   -64.00   135.00   358.00 
  649.00   434.00   347.00   250.00   523.00   460.00   314.00   434.00   194.00   156.00   468.00   638.00   403.00   431.00   170.00   585.00   116.00   457.00   684.00   180.00   523.00  -147.00   -51.00   -70.00   592.00  1160.00    27.00   -83.00  -881.00   747.00   415.00    56.00  -612.00  -415.00   592.00   612.00  -387.00  -253.00  1724.00    94.00  1504.00 -1826.00    96.00  1152.00  -400.00   737.00  -244.00  -270.00  -280.00 
  543.00   198.00   181.00   365.00   544.00   310.00   303.00   338.00    31.00   269.00   400.00   413.00   109.00   400.00   -90.00   377.00   127.00   438.00   366.00   153.00   196.00  -236.00    88.00  -243.00   312.00  1572.00   902.00   281.00  -321.00   620.00   610.00   200.00   341.00   855.00  1477.00   582.00   -48.00  -233.00  2473.00   889.00  2747.00 -2264.00   -54.00  1339.00   -47.00   500.00   674.00  4377.00 -1542.00 
  246.00   389.00   274.00   423.00   323.00   316.00   420.00   102.00   397.00   229.00   422.00   702.00   419.00   341.00   478.00   337.00   113.00  -113.00   240.00    59.00  -377.00   159.00  1051.00  -258.00   412.00   215.00   324.00   270.00   328.00   402.00   326.00   270.00  -206.00  -210.00  -560.00   536.00   518.00   326.00   526.00   835.00    39.00   217.00   126.00   405.00  -382.00   -51.00   751.00 -2139.00  -153.00 
  293.00   396.00   366.00   527.00   368.00   371.00   434.00   -47.00   554.00   471.00   629.00   736.00   110.00   511.00   390.00   284.00    40.00   -59.00   119.00   353.00   229.00   -87.00   907.00  -111.00   187.00   289.00   334.00   323.00   302.00   447.00   429.00   312.00  -257.00   232.00  -170.00   531.00   734.00   141.00   395.00   513.00   107.00   242.00   190.00   356.00   -99.00   -16.00   443.00 -2660.00   461.00 
  224.00   247.00   258.00   429.00   260.00   225.00   313.00   -68.00   249.00   399.00   568.00   539.00   132.00   210.00   386.00   282.00  -140.00  -130.00  -179.00   205.00  -448.00   -78.00   979.00  -576.00   354.00   142.00   234.00   206.00   311.00   347.00   266.00   276.00  -423.00  -516.00  -501.00   624.00   303.00   -29.00   515.00   719.00   -40.00  -214.00   -39.00   145.00  -227.00   348.00  -746.00 -2487.00   360.00 
  279.00   387.00   331.00   534.00   374.00   284.00   381.00    91.00   403.00   485.00   521.00   912.00   392.00   344.00   509.00   213.00   414.00   116.00  -182.00   471.00   580.00  -247.00    81.00   258.00   141.00   270.00   245.00   254.00   435.00   376.00   258.00   218.00   -81.00   -69.00    95.00   381.00   789.00   233.00   237.00   814.00    73.00   547.00   407.00   199.00   -21.00   839.00  -698.00 -2902.00  1817.00 
  256.00   356.00   380.00   520.00   344.00   351.00   458.00   248.00   505.00   440.00   533.00   684.00   213.00   491.00   449.00   308.00   258.00   236.00    45.00   181.00  -141.00   517.00  1296.00   687.00   526.00   228.00   286.00   270.00   378.00   427.00   382.00   304.00   -17.00   101.00    16.00   457.00   609.00   147.00   656.00   316.00   -37.00   389.00   539.00   506.00  -447.00  -233.00   272.00  1837.00  -698.00 
  274.00   428.00   355.00   528.00   401.00   299.00   426.00    70.00   288.00   208.00   568.00   623.00   227.00   328.00   541.00   115.00   196.00   128.00   126.00   261.00   591.00   516.00  -125.00  1255.00   438.00   220.00   281.00   238.00   472.00   409.00   337.00   264.00  -112.00  -125.00  -425.00   438.00   414.00   198.00   612.00   578.00   -31.00   -86.00   468.00   494.00  -219.00   310.00   131.00   261.00   289.00 
  283.00   402.00   432.00   549.00   513.00   250.00   383.00   570.00   476.00   260.00   439.00   420.00   377.00   433.00   398.00   217.00   163.00   -15.00   -26.00   377.00   754.00   313.00   315.00   792.00   442.00   204.00   304.00   347.00   425.00   630.00   257.00   248.00   464.00   547.00   200.00   411.00   450.00   336.00   507.00   928.00   -23.00   174.00   133.00   400.00  -113.00   769.00   746.00   945.00   479.00 
  359.00   377.00   329.00   510.00   405.00   454.00   450.00   150.00   411.00   350.00   446.00   706.00   548.00  -159.00   533.00  1130.00   226.00  -311.00   118.00   182.00  -634.00   156.00  1658.00   -11.00    11.00   708.00   620.00   654.00   177.00   165.00   624.00   292.00   155.00    73.00    14.00   237.00   239.00   611.00   686.00  1974.00  3541.00 -1395.00  -900.00  1224.00  -180.00   536.00  1409.00  1096.00 -1079.00 
  254.00   374.00   322.00   538.00   267.00   294.00   381.00   -36.00   534.00   493.00   597.00   644.00   120.00    40.00   703.00   412.00   -44.00    38.00   116.00   243.00  -224.00   251.00   670.00  -170.00    62.00   665.00   599.00   642.00   234.00    80.00   645.00   344.00   225.00   534.00   277.00   222.00   361.00   482.00   508.00  1594.00  2475.00  -906.00   -55.00   951.00  -201.00   360.00  1320.00  -341.00  -351.00 
  356.00   498.00   456.00   596.00   526.00   317.00   410.00   199.00   483.00   566.00   670.00   753.00   264.00   -98.00   197.00   521.00   802.00  -169.00   321.00   273.00  -780.00  -179.00  1130.00   -74.00   424.00   644.00   633.00   413.00   409.00   324.00   640.00   198.00   140.00    16.00  -190.00   546.00   385.00   418.00   363.00   876.00  2583.00  -296.00  -845.00  1252.00  -147.00   167.00     8.00  -483.00  -202.00 
  142.00    81.00   261.00   322.00   417.00   152.00   285.00  -113.00   124.00   352.00   400.00   782.00   232.00  -320.00   635.00  -674.00   257.00    43.00  -138.00   268.00  -253.00  -180.00  -684.00    86.00    22.00   600.00   326.00   630.00  -134.00   363.00   422.00   144.00   131.00   -20.00   288.00    -5.00   604.00   344.00   681.00   621.00  1486.00 -1110.00  -675.00   908.00  -184.00  1117.00  -722.00 -1109.00  -148.00 
  284.00   148.00   259.00   543.00   401.00   183.00   378.00   197.00   323.00   338.00   567.00   632.00   108.00     1.00   560.00   256.00   204.00  -403.00   334.00   400.00  -509.00   532.00  1287.00   697.00  -113.00   612.00   592.00   549.00   135.00    99.00   544.00   268.00   304.00   497.00   248.00   157.00   218.00   487.00  1039.00  1012.00  2880.00 -1416.00  -793.00  1221.00   436.00   319.00   434.00  3811.00 -1364.00 
  278.00   245.00   267.00   393.00   450.00   291.00   350.00    27.00   167.00   233.00   473.00   594.00   233.00  -443.00   503.00   480.00   244.00  -235.00   545.00   424.00  -447.00   547.00   559.00   618.00  -278.00   649.00   629.00   459.00    10.00   175.00   725.00   247.00   298.00   208.00   -76.00    64.00    77.00   600.00   293.00   764.00  2628.00  -870.00  -652.00  1390.00   438.00   143.00   312.00  2670.00  -849.00 
  263.00   476.00   202.00   594.00   907.00   352.00   435.00   336.00   660.00  -513.00   504.00  1457.00   791.00   227.00   564.00   225.00   249.00   360.00   267.00   202.00   108.00   134.00   269.00  -320.00  1412.00   412.00   171.00   517.00   549.00   848.00   197.00  -166.00 -1674.00   388.00   414.00  1395.00  -277.00  -348.00   487.00   603.00   326.00   512.00   549.00   249.00  -569.00 -1023.00   770.00 -1346.00  1219.00 
  202.00   448.00   229.00   637.00   616.00   500.00   387.00   631.00   117.00  -177.00   528.00  1871.00   586.00   402.00   487.00   185.00   260.00   218.00   226.00   335.00   753.00  -323.00    -2.00  -116.00  1537.00   175.00   -43.00   484.00   579.00   678.00    63.00   168.00  -931.00  -762.00   323.00   871.00   671.00  -271.00   317.00   210.00   303.00   471.00   471.00    42.00  -249.00  -330.00  -291.00 -2076.00  1016.00 
   65.00   310.00   387.00   443.00   440.00   502.00   260.00   551.00   315.00   494.00   399.00  1264.00   395.00   244.00   459.00   273.00    59.00   101.00    59.00   216.00   232.00  -377.00   570.00  -587.00  1287.00   139.00   119.00   527.00   362.00   493.00   516.00   -28.00 -1436.00  -443.00  1668.00  1817.00  -621.00 -1082.00   536.00   578.00   144.00   144.00   223.00   233.00  -377.00  -601.00 -1149.00 -1155.00  1657.00 
  100.00   400.00   319.00   685.00   769.00   243.00   398.00   646.00   926.00    21.00   292.00  1966.00   719.00   181.00   492.00   194.00   433.00   533.00  -153.00   388.00   941.00     2.00  -765.00    45.00  1498.00   148.00   119.00   720.00   705.00   598.00  -211.00   121.00 -1016.00  -117.00   853.00  1859.00   737.00  -626.00    59.00   539.00   493.00   661.00   502.00  -257.00  -221.00    61.00  -722.00 -2326.00  2544.00 
  329.00   375.00   314.00   576.00   894.00   376.00   407.00   878.00  1176.00  -202.00   497.00  1462.00   761.00   380.00   395.00   261.00   361.00   624.00    25.00   250.00   508.00  1060.00   763.00   363.00  1415.00   260.00   -56.00   621.00   481.00   769.00   258.00   -20.00  -139.00   637.00  1072.00   905.00   903.00    45.00   442.00    11.00   312.00   567.00   776.00   174.00  -581.00  -369.00   953.00  2470.00   146.00 
  169.00   462.00   126.00   688.00   690.00   443.00   410.00   424.00   323.00  -344.00   173.00  1178.00   681.00   209.00   588.00   -30.00   357.00   433.00   137.00   199.00   621.00   277.00  -803.00   397.00  1197.00   247.00   210.00   453.00   750.00   641.00   217.00    22.00 -1058.00    93.00   630.00  1187.00   462.00   110.00   428.00   389.00   100.00   308.00   648.00   245.00  -547.00  -822.00   356.00   550.00  1010.00 
  112.00   411.00   116.00   519.00   535.00   334.00   450.00   364.00   483.00   133.00   381.00   455.00   366.00   235.00   443.00   -10.00   118.00   210.00   -18.00   336.00   529.00   374.00   161.00   752.00   480.00   284.00   103.00   353.00   366.00   574.00    82.00    44.00   693.00   197.00    36.00   172.00   640.00   335.00   512.00   608.00   123.00   123.00   177.00     3.00  -472.00   850.00   408.00   688.00   230.00 
   73.00    80.00   711.00  1000.00   761.00   263.00   329.00   296.00   256.00    78.00   858.00  1589.00   712.00  -319.00   418.00  1060.00   464.00   -64.00    95.00   228.00  -211.00   -58.00   961.00   -53.00   987.00   586.00   609.00  1056.00   562.00   789.00   504.00    -1.00 -1105.00   440.00   941.00  1358.00   114.00   -43.00   713.00  1712.00  3137.00 -1049.00  -531.00  1085.00  -466.00  -367.00  1175.00  1402.00   101.00 
  200.00   487.00   454.00   863.00   742.00   419.00   364.00   589.00   337.00     6.00   802.00  1823.00   536.00   126.00   640.00   620.00   337.00   316.00   361.00   329.00   445.00   124.00   118.00    -2.00  1340.00   538.00   358.00  -181.00  -165.00   993.00   660.00   -39.00  -413.00  -259.00    75.00   425.00   858.00   -48.00   893.00  1164.00  1932.00 -1238.00   412.00  1137.00  -433.00   470.00   617.00  -191.00  -167.00 
  256.00   242.00   918.00  1207.00   510.00   422.00   412.00   534.00   294.00   805.00  1010.00  1361.00   505.00  -155.00   223.00   704.00  1411.00    15.00   422.00   280.00  -196.00  -358.00   908.00   296.00  1214.00   750.00   201.00  1089.00   830.00   139.00   423.00     0.00 -1039.00  -347.00  1760.00  1780.00  -659.00  -706.00   575.00   613.00  2683.00   370.00  -685.00  1066.00  -397.00  -589.00  -525.00   595.00  1164.00 
  194.00   503.00   795.00  1083.00   769.00   353.00   430.00   518.00   733.00   659.00   837.00  1906.00   678.00  -237.00   706.00   109.00   742.00   465.00   122.00   415.00   269.00   -42.00  -422.00   248.00  1344.00   817.00    36.00   241.00    12.00  1025.00   457.00   123.00  -574.00  -337.00   835.00  1056.00   956.00  -306.00   955.00   432.00  1241.00 -1168.00    79.00   843.00  -186.00   551.00  -856.00  -733.00   300.00 
