  378.00   364.00   334.00   407.00   408.00   348.00   327.00   445.00   414.00   346.00   391.00   441.00   357.00   340.00   409.00   429.00   443.00   345.00   390.00   378.00   424.00   380.00   392.00   339.00   333.00   401.00   375.00   476.00   384.00   419.00   450.00   377.00   441.00   375.00   408.00   373.00   330.00   353.00   397.00   352.00   399.00   376.00   392.00   377.00   479.00   366.00   318.00   377.00   356.00 
  394.00   390.00   354.00   423.00   446.00   407.00   377.00   455.00   406.00   320.00   423.00   480.00   354.00   349.00   398.00   450.00   480.00   363.00   400.00   407.00   463.00   415.00   394.00   347.00   333.00   387.00   389.00   464.00   424.00   389.00   450.00   362.00   416.00   358.00   469.00   392.00   327.00   353.00   397.00   380.00   446.00   403.00   395.00   373.00   498.00   404.00   348.00   380.00   379.00 
  315.00   293.00   274.00   326.00   335.00   285.00   303.00   360.00   346.00   261.00   307.00   368.00   273.00   293.00   320.00   347.00   378.00   313.00   316.00   321.00   392.00   340.00   292.00   286.00   276.00   340.00   308.00   388.00   347.00   313.00   337.00   293.00   329.00   278.00   348.00   301.00   275.00   284.00   342.00   334.00   384.00   316.00   308.00   336.00   355.00   326.00   262.00   361.00   295.00 
  409.00   392.00   381.00   451.00   470.00   407.00   394.00   526.00   482.00   404.00   417.00   492.00   398.00   384.00   452.00   469.00   471.00   400.00   424.00   440.00   482.00   432.00   409.00   403.00   364.00   430.00   417.00   540.00   480.00   470.00   469.00   392.00   474.00   414.00   471.00   413.00   357.00   376.00   468.00   421.00   469.00   436.00   448.00   396.00   507.00   408.00   344.00   417.00   376.00 
  344.00   339.00   349.00   381.00   392.00   344.00   355.00   407.00   408.00   323.00   343.00   400.00   332.00   342.00   384.00   384.00   427.00   339.00   393.00   355.00   404.00   376.00   328.00   321.00   297.00   361.00   344.00   450.00   399.00   369.00   410.00   376.00   430.00   355.00   398.00   328.00   308.00   333.00   424.00   375.00   379.00   364.00   377.00   354.00   431.00   348.00   304.00   380.00   307.00 
  384.00   334.00   336.00   409.00   405.00   353.00   342.00   406.00   374.00   329.00   372.00   422.00   351.00   336.00   385.00   435.00   447.00   339.00   403.00   381.00   400.00   382.00   357.00   348.00   326.00   346.00   394.00   442.00   405.00   391.00   408.00   396.00   409.00   364.00   384.00   338.00   340.00   349.00   371.00   361.00   388.00   329.00   365.00   346.00   465.00   353.00   282.00   390.00   350.00 
  356.00   314.00   320.00   361.00   374.00   304.00   296.00   365.00   353.00   316.00   357.00   380.00   271.00   307.00   336.00   353.00   370.00   313.00   356.00   334.00   357.00   320.00   371.00   315.00   304.00   353.00   389.00   433.00   365.00   386.00   346.00   324.00   315.00   299.00   392.00   313.00   303.00   303.00   337.00   334.00   348.00   370.00   355.00   291.00   405.00   303.00   249.00   321.00   306.00 
  336.00   298.00   281.00   369.00   367.00   297.00   292.00   390.00   341.00   287.00   325.00   318.00   306.00   307.00   327.00   361.00   376.00   288.00   313.00   320.00   319.00   325.00   321.00   276.00   259.00   341.00   344.00   373.00   346.00   360.00   401.00   329.00   355.00   312.00   360.00   289.00   298.00   317.00   375.00   308.00   356.00   316.00   318.00   304.00   324.00   273.00   230.00   337.00   266.00 
  368.00   361.00   384.00   431.00   441.00   374.00   338.00   480.00   434.00   324.00   425.00   473.00   371.00   337.00   435.00   454.00   476.00   349.00   386.00   377.00   419.00   397.00   391.00   345.00   338.00   370.00   413.00   448.00   453.00   420.00   421.00   408.00   431.00   385.00   428.00   365.00   331.00   366.00   442.00   384.00   406.00   392.00   426.00   374.00   513.00   371.00   332.00   400.00   347.00 
  344.00   312.00   312.00   348.00   376.00   319.00   339.00   419.00   381.00   289.00   346.00   414.00   320.00   296.00   361.00   360.00   380.00   337.00   368.00   365.00   398.00   345.00   304.00   348.00   292.00   385.00   354.00   429.00   380.00   355.00   356.00   321.00   361.00   340.00   405.00   345.00   296.00   310.00   364.00   371.00   391.00   365.00   368.00   316.00   393.00   323.00   279.00   312.00   309.00 
  395.00   326.00   336.00   373.00   392.00   310.00   296.00   420.00   390.00   381.00   345.00   389.00   316.00   331.00   395.00   394.00   449.00   337.00   386.00   349.00   422.00   382.00   394.00   354.00   328.00   327.00   364.00   455.00   387.00   417.00   401.00   344.00   408.00   323.00   400.00   372.00   311.00   325.00   409.00   355.00   418.00   393.00   390.00   329.00   440.00   360.00   262.00   361.00   290.00 
  370.00   330.00   370.00   404.00   402.00   364.00   340.00   439.00   429.00   363.00   400.00   444.00   336.00   343.00   343.00   406.00   417.00   359.00   375.00   370.00   429.00   389.00   355.00   355.00   303.00   423.00   405.00   467.00   432.00   411.00   400.00   393.00   392.00   379.00   391.00   391.00   311.00   358.00   433.00   387.00   407.00   380.00   374.00   367.00   429.00   396.00   272.00   384.00   316.00 
  327.00   302.00   318.00   341.00   353.00   287.00   303.00   357.00   337.00   306.00   328.00   358.00   297.00   311.00   359.00   335.00   375.00   321.00   332.00   319.00   340.00   330.00   329.00   331.00   268.00   320.00   352.00   391.00   386.00   369.00   362.00   318.00   340.00   298.00   340.00   295.00   272.00   308.00   347.00   351.00   328.00   324.00   344.00   329.00   388.00   294.00   226.00   314.00   277.00 
  308.00   287.00   281.00   318.00   357.00   276.00   296.00   336.00   330.00   251.00   340.00   391.00   302.00   257.00   324.00   331.00   387.00   285.00   313.00   324.00   366.00   329.00   285.00   281.00   219.00   316.00   344.00   399.00   347.00   339.00   334.00   311.00   369.00   314.00   349.00   303.00   275.00   285.00   315.00   308.00   321.00   320.00   351.00   280.00   373.00   312.00   259.00   262.00   287.00 
  362.00   347.00   357.00   403.00   391.00   350.00   336.00   444.00   404.00   356.00   351.00   414.00   327.00   336.00   399.00   438.00   436.00   330.00   368.00   361.00   402.00   364.00   371.00   344.00   316.00   333.00   369.00   443.00   400.00   412.00   426.00   373.00   387.00   352.00   384.00   378.00   304.00   345.00   405.00   356.00   392.00   382.00   391.00   386.00   434.00   355.00   282.00   377.00   352.00 
  385.00   360.00   359.00   428.00   409.00   349.00   346.00   451.00   440.00   366.00   403.00   433.00   333.00   355.00   415.00   441.00   456.00   328.00   412.00   374.00   391.00   415.00   408.00   337.00   318.00   371.00   418.00   452.00   423.00   359.00   430.00   396.00   396.00   348.00   431.00   363.00   328.00   370.00   401.00   400.00   390.00   396.00   404.00   368.00   446.00   348.00   304.00   365.00   336.00 
  397.00   394.00   361.00   398.00   439.00   365.00   372.00   450.00   415.00   349.00   350.00   435.00   368.00   360.00   399.00   413.00   471.00   385.00   399.00   405.00   425.00   402.00   357.00   353.00   333.00   395.00   371.00   474.00   429.00   398.00   439.00   354.00   446.00   387.00   433.00   339.00   313.00   341.00   415.00   408.00   413.00   368.00   419.00   364.00   440.00   375.00   306.00   384.00   359.00 
  303.00   298.00   302.00   354.00   332.00   318.00   310.00   336.00   326.00   302.00   327.00   359.00   278.00   270.00   315.00   334.00   357.00   312.00   339.00   296.00   363.00   330.00   323.00   297.00   257.00   330.00   313.00   385.00   374.00   307.00   337.00   306.00   331.00   320.00   352.00   322.00   257.00   318.00   335.00   318.00   318.00   313.00   324.00   314.00   357.00   319.00   266.00   304.00   318.00 
  323.00   371.00   318.00   373.00   396.00   348.00   366.00   396.00   405.00   340.00   344.00   426.00   337.00   320.00   371.00   368.00   394.00   353.00   363.00   338.00   381.00   372.00   341.00   303.00   299.00   362.00   352.00   432.00   416.00   406.00   393.00   355.00   366.00   354.00   364.00   321.00   295.00   332.00   410.00   363.00   362.00   400.00   386.00   331.00   396.00   381.00   261.00   336.00   312.00 
  342.00   296.00   309.00   359.00   350.00   304.00   298.00   383.00   352.00   299.00   354.00   383.00   316.00   304.00   351.00   375.00   395.00   309.00   352.00   313.00   373.00   348.00   330.00   305.00   271.00   308.00   340.00   425.00   362.00   362.00   400.00   346.00   402.00   338.00   389.00   328.00   279.00   313.00   376.00   320.00   386.00   327.00   343.00   349.00   410.00   304.00   277.00   338.00   302.00 
  395.00   359.00   355.00   382.00   417.00   330.00   333.00   408.00   353.00   309.00   378.00   411.00   323.00   317.00   405.00   388.00   444.00   334.00   399.00   381.00   424.00   350.00   366.00   353.00   338.00   381.00   368.00   426.00   418.00   397.00   375.00   338.00   389.00   360.00   402.00   381.00   318.00   331.00   384.00   340.00   365.00   358.00   385.00   350.00   439.00   373.00   291.00   356.00   331.00 
  322.00   294.00   316.00   331.00   341.00   305.00   266.00   387.00   354.00   319.00   322.00   369.00   331.00   289.00   340.00   376.00   375.00   294.00   327.00   318.00   385.00   319.00   335.00   292.00   293.00   319.00   317.00   403.00   328.00   361.00   372.00   293.00   331.00   288.00   324.00   346.00   246.00   302.00   337.00   337.00   335.00   329.00   354.00   322.00   401.00   305.00   247.00   300.00   278.00 
  406.00   371.00   367.00   455.00   440.00   388.00   393.00   476.00   442.00   396.00   405.00   474.00   375.00   385.00   436.00   478.00   464.00   363.00   420.00   410.00   471.00   405.00   424.00   405.00   342.00   391.00   431.00   547.00   448.00   457.00   479.00   409.00   453.00   383.00   426.00   404.00   354.00   376.00   428.00   394.00   434.00   420.00   431.00   401.00   518.00   374.00   334.00   425.00   376.00 
  347.00   346.00   353.00   440.00   399.00   374.00   336.00   442.00   460.00   374.00   386.00   462.00   339.00   339.00   384.00   461.00   422.00   351.00   344.00   398.00   419.00   373.00   371.00   346.00   328.00   390.00   373.00   475.00   403.00   417.00   419.00   374.00   384.00   353.00   406.00   388.00   285.00   361.00   418.00   408.00   416.00   424.00   410.00   386.00   484.00   367.00   286.00   408.00   370.00 
  337.00   292.00   309.00   341.00   356.00   306.00   297.00   392.00   355.00   311.00   310.00   357.00   307.00   268.00   302.00   361.00   343.00   298.00   334.00   329.00   372.00   322.00   332.00   281.00   250.00   332.00   316.00   383.00   341.00   330.00   380.00   332.00   343.00   277.00   387.00   302.00   232.00   301.00   361.00   359.00   333.00   354.00   326.00   321.00   361.00   296.00   268.00   263.00   302.00 
  308.00   331.00   298.00   345.00   367.00   328.00   336.00   352.00   359.00   301.00   310.00   350.00   259.00   305.00   336.00   337.00   383.00   339.00   322.00   317.00   329.00   339.00   321.00   274.00   278.00   321.00   304.00   384.00   374.00   330.00   356.00   324.00   316.00   296.00   372.00   264.00   280.00   272.00   346.00   341.00   359.00   357.00   340.00   281.00   402.00   305.00   213.00   331.00   265.00 
  423.00   386.00   384.00   437.00   454.00   355.00   380.00   469.00   450.00   355.00   409.00   460.00   394.00   391.00   438.00   460.00   464.00   353.00   431.00   425.00   449.00   409.00   391.00   337.00   335.00   409.00   442.00   503.00   448.00   431.00   463.00   380.00   445.00   392.00   448.00   377.00   334.00   363.00   459.00   427.00   407.00   398.00   432.00   394.00   485.00   358.00   341.00   364.00   347.00 
  260.00   243.00   270.00   299.00   300.00   275.00   235.00   312.00   277.00   265.00   276.00   319.00   236.00   218.00   282.00   310.00   296.00   238.00   269.00   295.00   314.00   272.00   273.00   268.00   242.00   296.00   302.00   342.00   291.00   293.00   306.00   230.00   299.00   268.00   313.00   254.00   229.00   243.00   277.00   291.00   306.00   278.00   295.00   285.00   309.00   284.00   234.00   293.00   240.00 
  409.00   377.00   329.00   382.00   428.00   338.00   331.00   467.00   393.00   339.00   365.00   414.00   368.00   338.00   405.00   431.00   482.00   338.00   380.00   399.00   444.00   397.00   405.00   358.00   323.00   376.00   367.00   438.00   405.00   384.00   470.00   340.00   423.00   347.00   397.00   371.00   313.00   357.00   409.00   386.00   395.00   363.00   425.00   383.00   459.00   365.00   302.00   360.00   317.00 
  334.00   346.00   376.00   400.00   388.00   357.00   370.00   464.00   433.00   340.00   375.00   430.00   341.00   355.00   397.00   424.00   398.00   330.00   387.00   367.00   427.00   389.00   372.00   339.00   298.00   380.00   374.00   490.00   396.00   403.00   424.00   374.00   415.00   323.00   430.00   375.00   297.00   349.00   400.00   372.00   425.00   411.00   381.00   352.00   453.00   371.00   330.00   359.00   336.00 
  370.00   338.00   373.00   420.00   415.00   337.00   336.00   446.00   400.00   308.00   378.00   433.00   377.00   338.00   407.00   425.00   428.00   338.00   402.00   421.00   395.00   364.00   347.00   361.00   306.00   376.00   415.00   432.00   396.00   415.00   427.00   362.00   420.00   339.00   425.00   326.00   322.00   330.00   398.00   386.00   359.00   372.00   376.00   356.00   457.00   322.00   295.00   353.00   333.00 
  419.00   378.00   372.00   431.00   483.00   366.00   391.00   510.00   462.00   366.00   447.00   484.00   397.00   355.00   438.00   463.00   427.00   363.00   392.00   449.00   444.00   397.00   375.00   402.00   378.00   434.00   424.00   499.00   473.00   478.00   467.00   374.00   440.00   417.00   476.00   411.00   342.00   376.00   429.00   426.00   447.00   436.00   431.00   414.00   471.00   381.00   330.00   425.00   385.00 
  407.00   377.00   365.00   426.00   427.00   392.00   386.00   418.00   407.00   384.00   386.00   392.00   330.00   371.00   413.00   408.00   468.00   341.00   386.00   388.00   400.00   396.00   398.00   355.00   305.00   396.00   354.00   444.00   399.00   405.00   444.00   374.00   377.00   367.00   420.00   395.00   329.00   385.00   412.00   370.00   411.00   373.00   378.00   362.00   426.00   346.00   241.00   386.00   331.00 
  330.00   298.00   296.00   360.00   349.00   296.00   265.00   358.00   352.00   329.00   319.00   340.00   300.00   266.00   325.00   380.00   390.00   296.00   326.00   307.00   354.00   329.00   346.00   286.00   284.00   321.00   373.00   424.00   326.00   370.00   379.00   336.00   357.00   306.00   325.00   294.00   309.00   304.00   344.00   340.00   343.00   362.00   365.00   331.00   365.00   310.00   238.00   345.00   281.00 
  384.00   380.00   364.00   436.00   444.00   377.00   364.00   491.00   417.00   342.00   366.00   431.00   342.00   340.00   431.00   439.00   454.00   359.00   399.00   429.00   428.00   383.00   404.00   384.00   344.00   390.00   383.00   469.00   431.00   434.00   470.00   374.00   422.00   378.00   464.00   370.00   305.00   356.00   435.00   394.00   425.00   378.00   417.00   390.00   475.00   379.00   312.00   387.00   370.00 
  302.00   331.00   283.00   324.00   371.00   294.00   305.00   359.00   372.00   238.00   314.00   348.00   300.00   302.00   355.00   330.00   391.00   289.00   320.00   324.00   327.00   330.00   272.00   278.00   258.00   290.00   304.00   382.00   356.00   345.00   360.00   342.00   361.00   336.00   348.00   269.00   264.00   280.00   375.00   309.00   306.00   306.00   349.00   284.00   408.00   305.00   260.00   301.00   280.00 
  342.00   254.00   331.00   355.00   351.00   283.00   286.00   389.00   369.00   296.00   353.00   392.00   318.00   253.00   352.00   370.00   382.00   283.00   364.00   386.00   371.00   316.00   337.00   325.00   265.00   326.00   354.00   401.00   351.00   377.00   348.00   310.00   370.00   321.00   358.00   343.00   274.00   327.00   375.00   334.00   310.00   364.00   343.00   317.00   432.00   305.00   254.00   301.00   272.00 
  326.00   275.00   307.00   335.00   378.00   311.00   310.00   389.00   367.00   325.00   345.00   392.00   307.00   321.00   355.00   374.00   364.00   311.00   389.00   370.00   401.00   369.00   315.00   312.00   272.00   321.00   383.00   431.00   384.00   351.00   375.00   315.00   360.00   312.00   358.00   356.00   293.00   322.00   367.00   370.00   378.00   342.00   322.00   324.00   374.00   313.00   272.00   308.00   261.00 
  411.00   334.00   376.00   368.00   409.00   314.00   333.00   438.00   394.00   337.00   390.00   437.00   333.00   329.00   374.00   401.00   423.00   340.00   367.00   378.00   442.00   368.00   383.00   348.00   330.00   370.00   371.00   441.00   435.00   396.00   443.00   344.00   398.00   324.00   424.00   361.00   285.00   358.00   409.00   359.00   378.00   384.00   417.00   333.00   477.00   363.00   312.00   344.00   333.00 
  432.00   360.00   359.00   395.00   434.00   366.00   357.00   469.00   403.00   369.00   378.00   421.00   350.00   336.00   387.00   433.00   460.00   334.00   392.00   399.00   435.00   387.00   406.00   358.00   321.00   401.00   369.00   476.00   415.00   414.00   417.00   396.00   389.00   390.00   447.00   411.00   289.00   367.00   425.00   380.00   417.00   379.00   401.00   398.00   445.00   374.00   287.00   384.00   364.00 
  347.00   342.00   331.00   345.00   398.00   344.00   332.00   435.00   369.00   350.00   303.00   428.00   317.00   330.00   373.00   381.00   423.00   327.00   375.00   398.00   392.00   355.00   350.00   341.00   291.00   351.00   363.00   435.00   378.00   379.00   396.00   340.00   402.00   293.00   390.00   325.00   279.00   302.00   374.00   382.00   358.00   382.00   379.00   337.00   417.00   355.00   271.00   303.00   295.00 
  330.00   290.00   337.00   377.00   347.00   313.00   306.00   352.00   370.00   303.00   358.00   406.00   293.00   287.00   340.00   380.00   351.00   297.00   341.00   300.00   373.00   312.00   333.00   273.00   298.00   342.00   337.00   396.00   347.00   346.00   377.00   327.00   338.00   301.00   349.00   323.00   291.00   332.00   319.00   299.00   353.00   337.00   332.00   307.00   383.00   301.00   274.00   336.00   324.00 
  389.00   331.00   340.00   404.00   418.00   354.00   319.00   426.00   382.00   330.00   393.00   410.00   307.00   318.00   369.00   411.00   393.00   314.00   361.00   384.00   412.00   340.00   381.00   337.00   311.00   382.00   396.00   467.00   375.00   413.00   412.00   376.00   355.00   369.00   436.00   339.00   321.00   339.00   390.00   365.00   400.00   359.00   386.00   344.00   455.00   327.00   295.00   340.00   334.00 
  403.00   348.00   376.00   434.00   436.00   331.00   332.00   420.00   457.00   352.00   397.00   448.00   375.00   339.00   396.00   424.00   435.00   375.00   395.00   385.00   455.00   375.00   349.00   345.00   335.00   381.00   400.00   469.00   446.00   419.00   425.00   396.00   426.00   399.00   402.00   393.00   306.00   394.00   464.00   407.00   400.00   418.00   436.00   367.00   487.00   360.00   316.00   366.00   338.00 
  330.00   345.00   354.00   357.00   403.00   350.00   340.00   408.00   405.00   351.00   363.00   397.00   320.00   341.00   353.00   380.00   374.00   344.00   352.00   364.00   403.00   346.00   363.00   334.00   322.00   370.00   363.00   463.00   390.00   398.00   438.00   336.00   379.00   307.00   390.00   318.00   294.00   337.00   358.00   390.00   365.00   413.00   389.00   351.00   430.00   336.00   306.00   328.00   310.00 
  333.00   310.00   315.00   346.00   313.00   301.00   291.00   366.00   314.00   296.00   336.00   373.00   294.00   297.00   340.00   358.00   372.00   298.00   337.00   328.00   363.00   342.00   319.00   335.00   277.00   342.00   371.00   418.00   360.00   337.00   338.00   287.00   361.00   290.00   375.00   314.00   276.00   285.00   337.00   324.00   355.00   341.00   347.00   335.00   394.00   333.00   261.00   340.00   307.00 
  316.00   313.00   348.00   395.00   368.00   353.00   334.00   399.00   403.00   328.00   368.00   399.00   296.00   292.00   354.00   410.00   371.00   316.00   377.00   343.00   411.00   364.00   390.00   312.00   286.00   374.00   360.00   471.00   361.00   343.00   440.00   365.00   383.00   319.00   427.00   329.00   294.00   344.00   347.00   364.00   396.00   408.00   392.00   333.00   441.00   334.00   333.00   317.00   317.00 
  396.00   372.00   408.00   437.00   432.00   356.00   340.00   438.00   430.00   339.00   408.00   463.00   397.00   349.00   397.00   432.00   473.00   393.00   430.00   384.00   474.00   412.00   404.00   360.00   328.00   392.00   419.00   461.00   456.00   429.00   445.00   418.00   461.00   393.00   428.00   370.00   347.00   382.00   453.00   389.00   389.00   404.00   419.00   398.00   479.00   389.00   331.00   379.00   354.00 
  280.00   275.00   285.00   313.00   351.00   277.00   272.00   334.00   347.00   307.00   333.00   398.00   286.00   299.00   328.00   333.00   360.00   281.00   316.00   291.00   381.00   342.00   334.00   262.00   238.00   337.00   314.00   377.00   356.00   337.00   371.00   317.00   332.00   285.00   319.00   360.00   252.00   334.00   321.00   322.00   333.00   316.00   331.00   319.00   352.00   297.00   242.00   297.00   266.00 
